frame,id,cx,cy,w,h
150,100,429,64,13,14
151,100,432,41,14,15
152,100,285,164,14,13
153,100,139,287,29,8
154,100,144,290,5,4
155,100,114,320,16,16
156,100,84,350,16,16
157,100,54,380,16,16
158,100,24,410,16,16
159,100,-6,440,16,16
160,100,192,220,16,16
161,100,306,95,14,4
162,100,385,58,16,16
163,100,464,22,16,14
164,100,464,46,14,15
165,100,466,68,13,13
166,100,467,88,12,13
167,100,467,103,12,12
168,100,467,116,13,11
169,100,465,126,12,12
170,100,463,134,12,13
171,100,461,142,11,13
172,100,460,148,12,13
173,100,458,155,11,13
174,100,457,161,11,13
175,100,455,167,11,14
176,100,455,167,11,14
177,100,452,174,10,13
178,100,441,192,5,8
179,100,438,197,16,16
180,100,433,207,16,16
181,100,428,216,16,16
182,100,423,225,16,16
183,100,418,235,16,16
184,100,413,244,16,16
185,100,385,101,5,6
186,100,373,96,10,17
187,100,372,100,10,34
188,100,435,198,9,14
189,100,439,187,9,12
190,100,447,173,9,12
191,100,465,195,16,16
192,100,410,89,9,5
193,100,409,73,16,16
194,100,401,45,16,16
195,100,393,17,16,16
196,100,385,-10,16,16
197,100,414,3,26,9
198,100,413,-17,16,16
199,100,412,-36,16,16
200,100,412,-55,16,16
201,100,412,-74,16,16
202,100,412,-93,16,16
203,100,411,-112,16,16
204,100,424,2,16,6
205,100,425,2,17,7
206,100,426,2,17,7
207,100,426,2,17,7
208,100,426,2,17,6
209,100,426,2,18,7
210,100,426,3,33,9
211,100,427,3,33,10
212,100,427,3,33,11
213,100,427,3,33,11
214,100,427,4,31,13
215,100,427,4,16,16
216,100,427,4,16,16
217,100,427,4,16,16
218,100,427,5,16,16
219,100,427,5,16,16
220,100,452,70,6,4
221,100,477,135,11,10
222,100,460,150,9,9
223,100,449,151,10,13
224,100,438,143,11,14
225,100,429,129,11,14
226,100,425,111,12,14
227,100,422,94,12,15
228,100,419,81,10,12
229,100,415,76,11,13
230,100,413,76,11,13
231,100,411,81,11,13
232,100,411,81,11,13
233,100,409,91,10,13
234,100,407,116,10,14
235,100,407,128,10,14
236,100,407,137,9,14
237,100,406,147,9,15
238,100,406,156,7,13
239,100,405,164,7,13
240,100,405,171,8,14
241,100,403,178,7,14
242,100,402,184,7,13
243,100,401,191,6,14
244,100,400,197,6,14
245,100,399,205,5,13
246,100,398,210,5,12
247,100,397,213,5,8
248,100,395,213,5,7
249,100,372,111,4,10
250,100,368,102,16,16
251,100,244,176,16,16
252,100,121,250,11,6
253,100,121,249,21,6
254,100,122,248,33,9
255,100,123,248,38,10
256,100,124,246,43,12
257,100,411,196,5,11
258,100,420,182,6,12
259,100,433,165,6,8
260,100,446,142,12,12
261,100,460,119,12,12
262,100,476,92,15,12
263,100,494,68,16,10
264,100,511,43,16,10
265,100,519,22,14,10
266,100,529,6,10,11
267,100,534,1,14,5
268,100,535,0,11,3
269,100,539,2,15,6
270,100,539,2,15,6
271,100,541,7,13,7
272,100,539,23,12,8
273,100,537,32,10,6
274,100,534,37,13,8
275,100,532,41,13,7
276,100,528,43,14,7
277,100,525,44,12,8
278,100,523,46,13,8
279,100,520,48,13,9
280,100,516,52,12,8
281,100,509,64,15,9
282,100,500,78,15,9
283,100,486,96,15,10
284,100,467,115,14,11
285,100,445,131,12,12
286,100,425,144,11,13
287,100,405,152,10,11
288,100,386,158,6,11
289,100,386,158,6,11
290,100,373,156,5,12
291,100,344,136,8,12
292,100,332,121,9,11
293,100,322,107,7,8
294,100,314,93,7,7
295,100,309,82,8,6
296,100,304,75,9,7
297,100,302,73,10,6
298,100,300,77,5,7
299,100,302,83,10,8
300,100,304,93,9,9
301,100,305,105,13,11
302,100,308,117,11,12
303,100,311,130,10,11
304,100,314,142,10,11
305,100,317,152,9,12
306,100,321,161,10,13
307,100,322,161,10,14
308,100,324,168,9,13
309,100,328,175,9,13
310,100,335,187,9,14
311,100,338,192,9,15
312,100,341,196,9,13
313,100,342,199,8,13
314,100,344,200,8,13
315,100,347,201,8,14
316,100,348,202,8,14
317,100,350,203,8,14
318,100,352,203,8,13
319,100,353,203,7,13
320,100,354,204,7,13
321,100,356,205,6,10
322,100,357,205,6,9
323,100,356,203,6,8
324,100,355,202,5,8
325,100,353,201,6,8
326,100,353,201,6,7
327,100,351,199,5,6
328,100,348,191,7,11
329,100,349,185,7,11
330,100,351,176,7,12
331,100,354,167,7,12
332,100,359,155,7,13
333,100,365,140,8,11
334,100,372,126,7,11
335,100,384,106,8,11
336,100,402,87,7,7
337,100,411,70,16,16
338,100,442,62,9,8
339,100,457,56,10,7
340,100,471,54,12,8
341,100,484,59,12,8
342,100,493,67,13,10
343,100,500,75,13,10
344,100,504,82,13,10
345,100,504,82,13,10
346,100,508,86,12,10
347,100,509,87,12,10
348,100,510,86,12,10
349,100,511,86,12,10
350,100,508,85,12,9
351,100,504,85,12,9
352,100,501,86,12,10
353,100,500,87,11,10
354,100,499,88,12,10
355,100,499,90,11,10
356,100,498,93,11,10
357,100,497,97,11,10
358,100,496,101,11,11
359,100,496,109,10,13
360,100,496,120,11,13
361,100,496,131,10,13
362,100,495,144,8,12
363,100,494,160,8,13
364,100,494,160,8,13
365,100,495,170,8,14
366,100,502,186,8,14
367,100,506,193,7,15
368,100,511,196,8,13
369,100,516,199,8,14
370,100,520,200,8,14
371,100,526,200,8,13
372,100,531,197,9,15
373,100,536,193,10,16
374,100,541,185,10,15
375,100,546,175,11,14
376,100,551,158,14,17
377,100,558,138,16,17
378,100,564,116,16,16
379,100,568,95,16,14
380,100,574,75,16,13
381,100,579,63,18,12
382,100,585,61,18,12
383,100,585,61,18,12
384,100,591,62,18,13
385,100,600,79,19,14
386,100,602,92,18,13
387,100,604,107,19,15
388,100,605,124,20,18
389,100,606,139,18,19
390,100,607,154,17,18
391,100,607,170,17,17
392,100,607,184,16,16
393,100,607,197,14,15
394,100,606,212,14,16
395,100,603,228,12,17
396,100,601,241,12,15
397,100,598,244,7,6
398,100,598,244,6,6
399,100,526,109,10,8
400,100,525,110,12,10
401,100,524,112,8,9
402,100,525,111,9,9
403,100,525,112,10,11
404,100,529,108,8,5
405,100,516,124,5,6
406,100,517,123,7,6
407,100,516,125,8,12
408,100,516,126,7,12
409,100,522,119,11,17
410,100,522,111,5,4
411,100,524,109,9,6
412,100,525,105,7,8
413,100,525,102,8,6
414,100,525,97,8,8
415,100,534,86,8,5
416,100,623,203,16,15
417,100,626,187,17,16
418,100,627,171,18,15
419,100,627,157,18,13
420,100,622,143,18,13
421,100,622,143,18,13
422,100,608,118,19,13
423,100,600,106,19,11
424,100,596,98,19,10
425,100,594,100,20,10
426,100,589,103,17,11
427,100,588,103,17,11
428,100,589,101,18,11
429,100,591,99,17,10
430,100,592,96,17,10
431,100,593,94,17,10
432,100,592,93,16,10
433,100,591,95,17,10
434,100,590,99,19,10
435,100,590,106,17,10
436,100,591,117,17,14
437,100,591,128,17,14
438,100,595,131,17,13
439,100,595,131,17,13
440,100,598,127,17,12
441,100,610,109,19,10
442,100,615,96,21,8
443,100,622,84,20,8
444,100,628,73,20,8
445,100,635,65,21,9
446,100,642,62,22,9
447,100,652,61,22,9
448,100,658,65,23,8
449,100,662,73,25,9
450,100,667,83,23,9
451,100,668,94,22,8
452,100,670,107,21,9
453,100,670,121,22,10
454,100,669,136,21,11
455,100,667,150,21,12
456,100,663,165,18,12
457,100,660,177,18,13
458,100,660,178,18,13
459,100,657,190,17,13
460,100,654,212,18,15
461,100,649,223,15,15
462,100,637,230,7,5
463,100,635,229,6,4
464,100,535,134,6,10
465,100,519,129,16,16
466,100,529,116,16,16
467,100,539,104,12,11
468,100,532,122,11,15
469,100,522,105,16,16
470,100,514,98,16,16
471,100,507,92,16,16
472,100,499,85,16,16
473,100,491,78,16,16
474,100,484,72,16,16
475,100,653,220,14,10
476,100,660,214,15,17
477,100,660,214,15,16
478,100,670,190,18,13
479,100,674,177,17,12
480,100,676,164,18,11
481,100,677,149,18,11
482,100,680,131,17,9
483,100,680,115,14,4
484,100,679,97,18,7
485,100,678,81,19,8
486,100,677,64,17,8
487,100,679,46,12,8
488,100,679,29,11,8
489,100,676,16,12,7
490,100,674,6,13,8
491,100,666,3,20,9
492,100,661,2,17,7
493,100,657,3,20,10
494,100,651,12,16,9
495,100,644,22,15,11
496,100,644,22,16,11
497,100,636,31,18,11
498,100,620,46,19,9
499,100,611,50,19,9
500,100,602,52,18,9
501,100,594,53,18,9
502,100,588,52,19,9
503,100,582,51,18,8
504,100,577,51,17,9
505,100,572,51,17,8
506,100,566,51,17,9
507,100,560,51,17,9
508,100,554,50,16,8
509,100,549,50,16,9
510,100,543,50,16,9
511,100,537,51,15,9
512,100,530,55,14,10
513,100,521,59,13,9
514,100,514,60,13,9
515,100,514,60,13,9
516,100,503,66,12,9
517,100,498,68,12,10
518,100,492,70,11,10
519,100,486,73,12,10
520,100,482,76,10,10
521,100,479,77,9,11
522,100,475,80,9,11
523,100,470,85,9,11
524,100,467,88,9,11
525,100,465,88,9,10
526,100,463,89,9,11
527,100,461,89,9,10
528,100,459,88,9,11
529,100,457,87,10,10
530,100,454,89,10,10
531,100,449,95,10,11
532,100,442,101,10,12
533,100,434,106,10,12
534,100,434,106,10,12
535,100,413,125,8,10
536,100,401,134,7,12
537,100,389,145,6,10
538,100,376,156,6,11
539,100,364,164,5,10
540,100,352,171,6,13
541,100,340,178,6,14
542,100,327,183,6,13
543,100,316,188,6,12
544,100,305,191,7,13
545,100,293,195,7,11
546,100,282,197,7,14
547,100,273,200,11,14
548,100,262,202,11,14
549,100,253,204,10,14
550,100,245,204,11,16
551,100,235,207,10,16
552,100,227,210,9,14
553,100,227,210,9,14
554,100,211,214,11,14
555,100,205,215,11,14
556,100,198,215,12,14
557,100,190,214,10,14
558,100,182,214,12,15
559,100,173,214,13,14
560,100,165,212,14,14
561,100,157,208,13,14
562,100,148,205,15,14
563,100,139,202,14,15
564,100,133,200,14,14
565,100,127,199,15,13
566,100,124,199,16,13
567,100,124,200,18,15
568,100,125,202,16,15
569,100,127,205,18,16
570,100,130,208,15,17
571,100,130,208,15,17
572,100,137,215,15,16
573,100,141,218,14,16
574,100,145,222,15,15
575,100,149,226,14,15
576,100,154,229,14,16
577,100,161,235,12,17
578,100,170,242,8,10
579,100,178,245,7,5
580,100,178,246,6,5
581,100,178,246,7,6
582,100,179,246,6,6
583,100,180,247,5,5
584,100,179,248,6,5
585,100,179,248,16,16
586,100,179,249,16,16
587,100,180,250,16,16
588,100,180,250,16,16
589,100,175,256,5,4
590,100,174,257,7,6
591,100,174,259,7,5
592,100,171,260,6,6
593,100,169,262,6,5
594,100,168,263,6,5
595,100,165,263,7,6
596,100,161,262,9,10
597,100,158,263,11,13
598,100,155,263,12,15
599,100,153,263,13,16
600,100,151,261,13,16
601,100,150,258,12,17
602,100,148,254,12,15
603,100,146,248,14,17
604,100,144,242,14,17
605,100,142,237,16,19
606,100,141,230,14,17
607,100,142,224,16,17
608,100,145,216,16,17
609,100,145,216,16,17
610,100,152,202,15,16
611,100,156,199,15,15
612,100,162,194,15,15
613,100,168,191,14,14
614,100,173,186,15,15
615,100,176,182,15,15
616,100,179,181,16,15
617,100,182,180,15,15
618,100,185,179,15,16
619,100,187,179,15,16
620,100,189,176,15,17
621,100,191,175,15,15
622,100,193,174,14,15
623,100,195,173,14,15
624,100,197,172,13,15
625,100,199,171,13,15
626,100,202,171,14,15
627,100,204,171,14,14
628,100,204,171,14,14
629,100,210,170,15,15
630,100,213,171,14,15
631,100,214,173,15,15
632,100,217,177,13,15
633,100,219,186,13,19
634,100,217,195,13,18
635,100,217,203,13,16
636,100,215,214,13,18
637,100,213,221,14,21
638,100,209,227,12,17
639,100,203,231,13,17
640,100,196,233,13,17
641,100,188,234,10,15
642,100,176,234,11,16
643,100,167,233,14,17
644,100,157,230,13,15
645,100,147,223,13,16
646,100,138,217,14,16
647,100,138,217,14,16
648,100,119,203,15,16
649,100,109,194,17,16
650,100,100,185,17,14
651,100,92,175,18,16
652,100,83,166,22,15
653,100,73,158,15,13
654,100,67,148,19,12
655,100,58,142,15,10
656,100,52,136,16,10
657,100,51,132,20,12
658,100,49,133,19,12
659,100,48,135,19,12
660,100,48,140,19,12
661,100,50,147,19,12
662,100,52,157,18,13
663,100,56,166,20,16
664,100,62,175,23,16
665,100,69,184,19,16
666,100,77,196,17,15
667,100,90,207,18,16
668,100,103,221,15,15
669,100,119,234,14,14
670,100,136,249,15,18
671,100,153,264,10,14
672,100,175,275,5,4
673,100,198,287,7,8
674,100,201,288,7,7
675,100,204,288,6,7
676,100,207,287,7,8
677,100,210,287,7,8
678,100,212,287,6,7
679,100,214,286,7,8
680,100,217,286,7,8
681,100,219,285,6,8
682,100,221,284,7,8
683,100,223,285,7,7
684,100,224,285,6,5
685,100,226,286,6,6
686,100,228,287,5,5
687,100,229,288,6,5
688,100,229,288,5,4
689,100,231,287,6,6
690,100,232,288,6,7
691,100,233,288,6,6
692,100,234,289,6,7
693,100,236,289,5,6
694,100,239,288,6,10
695,100,238,286,9,17
696,100,237,277,9,16
697,100,233,262,9,16
698,100,231,245,14,20
699,100,234,223,11,18
700,100,234,192,11,15
701,100,233,173,16,16
702,100,233,150,16,16
703,100,233,127,16,16
704,100,234,104,16,16
705,100,234,81,16,16
706,100,289,66,5,11
707,100,297,55,5,8
708,100,307,34,16,16
709,100,317,17,16,16
710,100,327,0,16,16
711,100,267,377,7,3
712,100,265,377,16,4
713,100,264,377,24,6
714,100,259,407,16,16
715,100,254,437,16,16
716,100,250,467,16,16
717,100,246,497,16,16
718,100,363,254,16,16
719,100,480,12,27,10
720,100,482,19,20,10
721,100,523,2,4,5
722,100,523,2,4,5
723,100,516,17,10,9
724,100,515,18,10,8
725,100,513,19,11,10
726,100,510,19,9,8
727,100,506,17,9,8
728,100,503,16,9,10
729,100,501,16,9,10
730,100,500,16,10,10
731,100,502,18,10,9
732,100,503,21,10,9
733,100,504,23,8,10
734,100,503,26,9,9
735,100,499,28,10,9
736,100,495,28,7,6
737,100,490,27,10,9
738,100,487,28,9,9
739,100,483,29,8,9
740,100,481,30,7,9
741,100,481,30,7,9
742,100,474,31,8,7
743,100,471,32,9,10
744,100,447,50,11,8
745,100,444,49,13,9
746,100,464,29,7,7
747,100,461,30,8,9
748,100,460,32,9,11
749,100,460,32,8,10
750,100,461,33,9,10
751,100,462,31,5,7
752,100,462,31,7,8
753,100,463,29,8,9
754,100,464,28,7,9
755,100,464,28,7,9
756,100,465,28,8,11
757,100,466,29,6,9
758,100,234,229,15,28
759,100,232,233,20,30
760,100,202,263,16,16
761,100,172,293,16,16
762,100,205,272,16,16
763,100,330,177,18,28
764,100,456,82,22,29
765,100,457,82,22,29
766,100,476,37,6,8
767,100,477,36,7,9
768,100,477,36,6,8
769,100,478,36,7,9
770,100,477,35,7,9
771,100,478,35,7,9
772,100,478,35,6,8
773,100,478,35,6,9
774,100,479,34,6,9
775,100,479,33,6,8
776,100,477,32,6,9
777,100,478,32,6,9
778,100,480,33,7,10
779,100,481,35,6,10
780,100,481,35,7,9
781,100,481,35,5,7
782,100,481,36,6,8
783,100,480,36,5,7
784,100,479,37,5,8
785,100,478,35,4,6
786,100,477,35,4,8
787,100,480,36,4,8
788,100,484,40,4,5
789,100,481,62,6,22
790,100,479,84,18,20
791,100,482,82,19,19
792,100,485,80,19,21
793,100,488,79,20,21
794,100,491,77,23,25
795,100,500,74,16,16
796,100,507,71,16,16
797,100,530,54,5,5
798,100,423,78,5,8
799,100,423,73,16,16
800,100,394,77,16,16
801,100,366,80,16,16
802,100,538,71,11,14
803,100,558,52,13,9
804,100,567,50,9,7
805,100,575,47,9,7
806,100,583,45,9,6
807,100,591,42,9,6
808,100,599,40,9,6
809,100,607,39,8,6
810,100,614,38,8,6
811,100,621,37,10,5
812,100,627,36,9,6
813,100,632,36,7,5
814,100,634,37,6,4
815,100,642,37,7,4
816,100,642,37,7,4
817,100,646,37,16,16
818,100,570,17,22,12
819,100,555,12,16,16
820,100,532,6,16,16
821,100,509,0,16,16
822,100,485,-7,16,16
823,100,671,35,5,4
824,100,672,33,8,5
825,100,674,31,9,5
826,100,679,28,7,4
827,100,681,25,6,4
828,100,686,23,16,16
829,100,690,20,16,16
830,100,694,18,16,16
831,100,698,16,16,16
832,100,702,13,16,16
833,100,705,11,16,16
834,100,709,8,16,16
835,100,713,6,16,16
836,100,717,4,16,16
837,100,714,144,4,5
838,100,714,145,6,7
839,100,722,145,6,10
840,100,729,143,7,8
841,100,732,142,8,11
842,100,735,140,6,8
843,100,738,142,12,9
844,100,738,143,11,10
845,100,643,7,25,21
846,100,634,-6,16,16
847,100,604,-36,16,16
848,100,681,52,16,16
849,100,758,141,6,5
850,100,760,139,7,5
851,100,781,161,16,16
852,100,798,180,16,16
853,100,816,199,16,16
854,100,834,218,16,16
855,100,759,127,7,9
856,100,758,124,16,16
857,100,765,102,5,6
858,100,764,92,16,16
859,100,758,65,9,8
860,100,762,55,9,9
861,100,767,46,9,9
862,100,773,39,9,11
863,100,774,59,4,5
864,100,779,54,4,6
865,100,782,55,16,16
866,100,790,49,3,5
867,100,802,25,6,6
868,100,808,26,7,9
869,100,814,27,7,9
870,100,821,20,16,16
871,100,828,16,16,16
872,100,835,12,16,16
873,100,842,8,16,16
874,100,849,3,16,16
875,100,840,38,15,24
876,100,845,43,6,16
877,100,848,46,16,16
878,100,853,50,16,16
879,100,857,54,16,16
880,100,861,58,16,16
881,100,865,62,16,16
882,100,870,66,16,16
883,100,874,70,16,16
884,100,878,74,16,16
885,100,882,78,16,16
886,100,886,82,16,16
887,100,891,86,16,16
888,100,895,90,16,16
889,100,899,94,16,16
890,100,903,98,16,16
891,100,907,102,16,16
892,100,912,106,16,16
893,100,916,110,16,16
894,100,920,114,16,16
895,100,924,118,16,16
896,100,928,122,16,16
897,100,933,126,16,16
898,100,937,130,16,16
899,100,941,134,16,16
900,100,945,138,16,16
901,100,949,142,16,16
902,100,954,146,16,16
903,100,958,150,16,16
904,100,962,154,16,16
905,100,966,158,16,16
906,100,970,162,16,16
907,100,975,166,16,16
908,100,979,170,16,16
909,100,983,174,16,16
910,100,987,178,16,16
911,100,991,182,16,16
912,100,996,186,16,16
913,100,1000,190,16,16
914,100,1004,194,16,16
915,100,1008,198,16,16
916,100,1012,202,16,16
917,100,1017,206,16,16
918,100,1021,210,16,16
919,100,1025,214,16,16
920,100,1029,218,16,16
921,100,1033,222,16,16
922,100,1038,226,16,16
923,100,1042,230,16,16
924,100,1046,234,16,16
925,100,1050,238,16,16
926,100,1054,242,16,16
927,100,1059,246,16,16
928,100,1063,250,16,16
929,100,1067,254,16,16
930,100,1071,258,16,16
931,100,1075,262,16,16
932,100,1080,266,16,16
933,100,1084,270,16,16
934,100,1088,274,16,16
935,100,1092,278,16,16
936,100,1096,282,16,16
937,100,1101,286,16,16
938,100,1105,290,16,16
939,100,1109,294,16,16
940,100,1113,298,16,16
941,100,1117,302,16,16
942,100,1122,306,16,16
943,100,1126,310,16,16
944,100,1130,314,16,16
945,100,1134,318,16,16
946,100,1138,322,16,16
947,100,1143,326,16,16
948,100,1147,330,16,16
949,100,1151,334,16,16
950,100,1155,338,16,16
951,100,1160,342,16,16
952,100,1164,346,16,16
953,100,1168,350,16,16
954,100,1172,354,16,16
955,100,1176,358,16,16
956,100,1181,362,16,16
957,100,1185,366,16,16
958,100,1189,370,16,16
959,100,1193,374,16,16
960,100,1197,378,16,16
961,100,1202,382,16,16
962,100,1206,386,16,16
963,100,1210,390,16,16
964,100,1214,394,16,16
965,100,1218,398,16,16
966,100,1223,402,16,16
967,100,1227,406,16,16
968,100,1231,410,16,16
969,100,1235,414,16,16
970,100,1239,418,16,16
971,100,1244,422,16,16
972,100,1248,426,16,16
973,100,1252,430,16,16
974,100,1256,434,16,16
975,100,1260,438,16,16
976,100,1265,442,16,16
977,100,1269,446,16,16
978,100,1273,450,16,16
979,100,1277,454,16,16
980,100,1281,458,16,16
981,100,1286,462,16,16
982,100,1290,466,16,16
983,100,1294,470,16,16
984,100,1298,474,16,16
985,100,1302,478,16,16
986,100,1307,482,16,16
987,100,1311,486,16,16
988,100,1315,490,16,16
989,100,1319,494,16,16
990,100,1323,498,16,16
991,100,1328,502,16,16
992,100,1332,506,16,16
993,100,1336,510,16,16
994,100,1340,514,16,16
995,100,1344,518,16,16
996,100,1349,522,16,16
997,100,1353,526,16,16
998,100,1357,530,16,16
999,100,1361,534,16,16
1000,100,1365,538,16,16
1001,100,1370,542,16,16
1002,100,1374,546,16,16
1003,100,1378,550,16,16
1004,100,1382,554,16,16
1005,100,1386,558,16,16
1006,100,1391,562,16,16
1007,100,1395,566,16,16
1008,100,1399,570,16,16
1009,100,1403,574,16,16
1010,100,1407,578,16,16
1011,100,1412,582,16,16
1012,100,1416,586,16,16
1013,100,1420,590,16,16
1014,100,1424,594,16,16
1015,100,1429,598,16,16
1016,100,1433,602,16,16
1017,100,1437,606,16,16
1018,100,1441,610,16,16
1019,100,1445,614,16,16
1020,100,1450,618,16,16
1021,100,1454,622,16,16
1022,100,1458,626,16,16
1023,100,1462,630,16,16
1024,100,1466,634,16,16
1025,100,1471,638,16,16
1026,100,1475,642,16,16
1027,100,1479,646,16,16
1028,100,1483,650,16,16
1029,100,1487,654,16,16
1030,100,1492,658,16,16
1031,100,1496,662,16,16
1032,100,1500,666,16,16
1033,100,1504,670,16,16
1034,100,1508,674,16,16
1035,100,1513,678,16,16
1036,100,1517,682,16,16
1037,100,1521,686,16,16
1038,100,1525,690,16,16
1039,100,1529,694,16,16
1040,100,1534,698,16,16
1041,100,1538,702,16,16
1042,100,1542,706,16,16
1043,100,1546,710,16,16
1044,100,1550,714,16,16
1045,100,1555,718,16,16
1046,100,1559,722,16,16
1047,100,1563,726,16,16
1048,100,1567,730,16,16
